# 3ds Max Wavefront OBJ Exporter v0.97b - (c)2007 guruware
# File Created: 30.04.2014 18:21:44

#
# object Coral_medium
#

v  0.1573 -0.0330 0.1618
v  0.1158 -0.0330 -0.1121
v  -0.0071 0.1496 0.0014
v  -0.1581 -0.0330 -0.0706
v  -0.1166 -0.0330 0.2033
v  -0.1848 0.0275 -0.3826
v  -0.1848 0.0275 -0.0091
v  0.0019 0.0648 -0.1356
v  0.1887 0.0275 -0.0091
v  0.1887 0.0275 -0.3826
v  0.3926 0.0275 0.1015
v  0.1116 0.0275 -0.1445
v  0.0837 0.0648 0.0793
v  -0.1345 0.0275 0.1365
v  0.1466 0.0275 0.3826
v  -0.3926 0.0422 0.1543
v  -0.0357 0.0422 0.2645
v  -0.1015 0.0795 0.0487
v  0.0744 0.0422 -0.0924
v  -0.2825 0.0422 -0.2026
v  -0.3659 0.0664 -0.0382
v  -0.0980 0.0664 0.1527
v  -0.0933 0.0993 -0.0459
v  0.0929 0.0664 -0.1152
v  -0.1750 0.0664 -0.3061
v  0.1744 0.0664 -0.2919
v  -0.0966 0.0664 -0.1055
v  0.0884 0.0993 -0.0331
v  0.0898 0.0664 0.1655
v  0.3609 0.0664 -0.0209
v  0.0882 0.0664 0.3758
v  0.1481 0.0664 0.0524
v  -0.0339 0.0993 0.1320
v  -0.1754 0.0664 -0.0076
v  -0.2353 0.0664 0.3159
v  0.2716 0.1138 0.1798
v  0.1365 0.1003 -0.1198
v  0.0316 0.1365 0.0482
v  -0.1633 0.0978 0.0155
v  -0.0283 0.1113 0.3151
v  -0.2996 0.1029 0.0324
v  -0.0284 0.0895 0.1608
v  -0.0553 0.1330 -0.0158
v  0.1006 0.1076 -0.1098
v  -0.1706 0.1210 -0.2382
v  -0.0407 0.1350 -0.2056
v  -0.0858 0.1265 -0.0043
v  0.0302 0.1492 -0.0491
v  0.1156 0.1249 0.0408
v  0.1608 0.1334 -0.1605
v  0.0086 0.1652 0.1750
v  0.1092 0.1375 -0.0031
v  -0.0144 0.1627 0.0041
v  -0.0710 0.1283 -0.1035
v  -0.1716 0.1560 0.0746
v  -0.1233 0.1806 -0.0509
v  -0.0193 0.1312 0.0370
v  -0.0035 0.1661 -0.0429
v  0.0765 0.1403 -0.0712
v  -0.0275 0.1897 -0.1591
# 60 vertices

vn 0.0896 0.9905 0.1043
vn 0.0701 0.9962 -0.0510
vn -0.0000 1.0000 -0.0000
vn -0.0861 0.9943 -0.0626
vn -0.0715 0.9905 0.1175
vn -0.1129 0.9662 -0.2316
vn -0.0867 0.9962 -0.0000
vn -0.0268 0.9962 -0.0824
vn 0.1065 0.9943 0.0000
vn 0.1413 0.9617 -0.2347
vn 0.2669 0.9617 0.0618
vn 0.0896 0.9905 -0.1043
vn 0.0701 0.9962 0.0510
vn -0.0861 0.9943 0.0626
vn 0.0927 0.9540 0.2852
vn -0.2523 0.9617 0.1068
vn -0.0112 0.9905 0.1371
vn -0.0422 0.9986 0.0307
vn -0.1843 0.9737 -0.1339
vn -0.2551 0.9662 -0.0358
vn -0.0422 0.9986 -0.0307
vn 0.1135 0.9799 -0.1639
vn 0.0522 0.9986 -0.0000
vn 0.0329 0.9943 0.1013
vn 0.2278 0.9737 0.0000
vn 0.0704 0.9737 0.2167
vn -0.0268 0.9962 0.0824
vn -0.1796 0.9617 0.2069
vn 0.1525 0.9821 0.1108
vn 0.0161 0.9986 0.0497
vn 0.0045 0.9799 0.1993
vn -0.1885 0.9821 0.0000
vn -0.1208 0.9799 -0.1585
vn -0.0112 0.9905 -0.1371
vn 0.0161 0.9986 -0.0497
# 35 vertex normals

vt 0.0000 1.0000 0.0000
vt 0.0000 0.0000 0.0000
vt 0.5000 0.3387 0.0000
vt 1.0000 0.0000 0.0000
vt 1.0000 1.0000 0.0000
# 5 texture coords

g Coral_medium
s 1
f 1/1/1 2/2/2 3/3/3 
f 2/2/2 4/4/4 3/3/3 
f 4/4/4 5/5/5 3/3/3 
f 5/5/5 1/1/1 3/3/3 
s 2
f 1/1/1 3/3/3 2/2/2 
f 2/2/2 3/3/3 4/4/4 
f 4/4/4 3/3/3 5/5/5 
f 5/5/5 3/3/3 1/1/1 
s 1
f 6/1/6 7/2/7 8/3/8 
f 7/2/7 9/4/9 8/3/8 
f 9/4/9 10/5/10 8/3/8 
f 10/5/10 6/1/6 8/3/8 
s 2
f 6/1/6 8/3/8 7/2/7 
f 7/2/7 8/3/8 9/4/9 
f 9/4/9 8/3/8 10/5/10 
f 10/5/10 8/3/8 6/1/6 
s 1
f 11/1/11 12/2/12 13/3/13 
f 12/2/12 14/4/14 13/3/13 
f 14/4/14 15/5/15 13/3/13 
f 15/5/15 11/1/11 13/3/13 
s 2
f 11/1/11 13/3/13 12/2/12 
f 12/2/12 13/3/13 14/4/14 
f 14/4/14 13/3/13 15/5/15 
f 15/5/15 13/3/13 11/1/11 
s 1
f 16/1/16 17/2/17 18/3/18 
f 17/2/17 19/4/2 18/3/18 
f 19/4/2 20/5/19 18/3/18 
f 20/5/19 16/1/16 18/3/18 
s 2
f 16/1/16 18/3/18 17/2/17 
f 17/2/17 18/3/18 19/4/2 
f 19/4/2 18/3/18 20/5/19 
f 20/5/19 18/3/18 16/1/16 
s 1
f 21/1/20 22/2/5 23/3/21 
f 22/2/5 24/4/2 23/3/21 
f 24/4/2 25/5/6 23/3/21 
f 25/5/6 21/1/20 23/3/21 
s 2
f 21/1/20 23/3/21 22/2/5 
f 22/2/5 23/3/21 24/4/2 
f 24/4/2 23/3/21 25/5/6 
f 25/5/6 23/3/21 21/1/20 
s 1
f 26/1/22 27/2/4 28/3/23 
f 27/2/4 29/4/24 28/3/23 
f 29/4/24 30/5/25 28/3/23 
f 30/5/25 26/1/22 28/3/23 
s 2
f 26/1/22 28/3/23 27/2/4 
f 27/2/4 28/3/23 29/4/24 
f 29/4/24 28/3/23 30/5/25 
f 30/5/25 28/3/23 26/1/22 
s 1
f 31/1/26 32/2/13 33/3/27 
f 32/2/13 34/4/7 33/3/27 
f 34/4/7 35/5/28 33/3/27 
f 35/5/28 31/1/26 33/3/27 
s 2
f 31/1/26 33/3/27 32/2/13 
f 32/2/13 33/3/27 34/4/7 
f 34/4/7 33/3/27 35/5/28 
f 35/5/28 33/3/27 31/1/26 
s 1
f 36/1/29 37/2/2 38/3/30 
f 37/2/2 39/4/7 38/3/30 
f 39/4/7 40/5/31 38/3/30 
f 40/5/31 36/1/29 38/3/30 
s 2
f 36/1/29 38/3/30 37/2/2 
f 37/2/2 38/3/30 39/4/7 
f 39/4/7 38/3/30 40/5/31 
f 40/5/31 38/3/30 36/1/29 
s 1
f 41/1/32 42/2/27 43/3/21 
f 42/2/27 44/4/2 43/3/21 
f 44/4/2 45/5/33 43/3/21 
f 45/5/33 41/1/32 43/3/21 
s 2
f 41/1/32 43/3/21 42/2/27 
f 42/2/27 43/3/21 44/4/2 
f 44/4/2 43/3/21 45/5/33 
f 45/5/33 43/3/21 41/1/32 
s 1
f 46/1/34 47/2/21 48/3/35 
f 47/2/21 49/4/23 48/3/35 
f 49/4/23 50/5/12 48/3/35 
f 50/5/12 46/1/34 48/3/35 
s 2
f 46/1/34 48/3/35 47/2/21 
f 47/2/21 48/3/35 49/4/23 
f 49/4/23 48/3/35 50/5/12 
f 50/5/12 48/3/35 46/1/34 
s 1
f 51/1/24 52/2/23 53/3/3 
f 52/2/23 54/4/21 53/3/3 
f 54/4/21 55/5/14 53/3/3 
f 55/5/14 51/1/24 53/3/3 
s 2
f 51/1/24 53/3/3 52/2/23 
f 52/2/23 53/3/3 54/4/21 
f 54/4/21 53/3/3 55/5/14 
f 55/5/14 53/3/3 51/1/24 
s 1
f 56/1/21 57/2/3 58/3/3 
f 57/2/3 59/4/35 58/3/3 
f 59/4/35 60/5/8 58/3/3 
f 60/5/8 56/1/21 58/3/3 
s 2
f 56/1/21 58/3/3 57/2/3 
f 57/2/3 58/3/3 59/4/35 
f 59/4/35 58/3/3 60/5/8 
f 60/5/8 58/3/3 56/1/21 
# 0 polygons - 96 triangles

